 ans  =

   1.

--> x = ones(1, 100)
 x  = 

         column 1 to 11

   1.   1.   1.   1.   1.   1.   1.   1.   1.   1.   1.

         column 12 to 22

   1.   1.   1.   1.   1.   1.   1.   1.   1.   1.   1.

         column 23 to 33

   1.   1.   1.   1.   1.   1.   1.   1.   1.   1.   1.

         column 34 to 44

   1.   1.   1.   1.   1.   1.   1.   1.   1.   1.   1.

         column 45 to 55

   1.   1.   1.   1.   1.   1.   1.   1.   1.   1.   1.

         column 56 to 66

   1.   1.   1.   1.   1.   1.   1.   1.   1.   1.   1.

         column 67 to 77

   1.   1.   1.   1.   1.   1.   1.   1.   1.   1.   1.

         column 78 to 88

   1.   1.   1.   1.   1.   1.   1.   1.   1.   1.   1.

         column 89 to 99

   1.   1.   1.   1.   1.   1.   1.   1.   1.   1.   1.

         column 100

   1.

--> y = [1: 1: 100]
 y  = 

         column 1 to 11

   1.   2.   3.   4.   5.   6.   7.   8.   9.   10.   11.

         column 12 to 20

   12.   13.   14.   15.   16.   17.   18.   19.   20.

         column 21 to 29

   21.   22.   23.   24.   25.   26.   27.   28.   29.

         column 30 to 38

   30.   31.   32.   33.   34.   35.   36.   37.   38.

         column 39 to 47

   39.   40.   41.   42.   43.   44.   45.   46.   47.

         column 48 to 56

   48.   49.   50.   51.   52.   53.   54.   55.   56.

         column 57 to 65

   57.   58.   59.   60.   61.   62.   63.   64.   65.

         column 66 to 74

   66.   67.   68.   69.   70.   71.   72.   73.   74.

         column 75 to 83

   75.   76.   77.   78.   79.   80.   81.   82.   83.

         column 84 to 92

   84.   85.   86.   87.   88.   89.   90.   91.   92.

         column 93 to 100

   93.   94.   95.   96.   97.   98.   99.   100.

--> a = x ./ y
 a  = 

         column 1 to 6

   1.   0.5   0.3333333   0.25   0.2   0.1666667

         column 7 to 11

   0.1428571   0.125   0.1111111   0.1   0.0909091

         column 12 to 16

   0.0833333   0.0769231   0.0714286   0.0666667   0.0625

         column 17 to 21

   0.0588235   0.0555556   0.0526316   0.05   0.047619

         column 22 to 26

   0.0454545   0.0434783   0.0416667   0.04   0.0384615

         column 27 to 31

   0.037037   0.0357143   0.0344828   0.0333333   0.0322581

         column 32 to 36

   0.03125   0.030303   0.0294118   0.0285714   0.0277778

         column 37 to 41

   0.027027   0.0263158   0.025641   0.025   0.0243902

         column 42 to 45

   0.0238095   0.0232558   0.0227273   0.0222222

         column 46 to 50

   0.0217391   0.0212766   0.0208333   0.0204082   0.02

         column 51 to 54

   0.0196078   0.0192308   0.0188679   0.0185185

         column 55 to 58

   0.0181818   0.0178571   0.0175439   0.0172414

         column 59 to 63

   0.0169492   0.0166667   0.0163934   0.016129   0.015873

         column 64 to 68

   0.015625   0.0153846   0.0151515   0.0149254   0.0147059

         column 69 to 72

   0.0144928   0.0142857   0.0140845   0.0138889

         column 73 to 77

   0.0136986   0.0135135   0.0133333   0.0131579   0.012987

         column 78 to 82

   0.0128205   0.0126582   0.0125   0.0123457   0.0121951

         column 83 to 86

   0.0120482   0.0119048   0.0117647   0.0116279

         column 87 to 91

   0.0114943   0.0113636   0.011236   0.0111111   0.010989

         column 92 to 95

   0.0108696   0.0107527   0.0106383   0.0105263

         column 96 to 100


         column 96 to 100

   0.0104167   0.0103093   0.0102041   0.010101   0.01

--> b = x ./ y^2
 b  = 

         column 1 to 6

   1.   0.25   0.1111111   0.0625   0.04   0.0277778

         column 7 to 11

   0.0204082   0.015625   0.0123457   0.01   0.0082645

         column 12 to 16

   0.0069444   0.0059172   0.005102   0.0044444   0.0039062

         column 17 to 21

   0.0034602   0.0030864   0.0027701   0.0025   0.0022676

         column 22 to 26

   0.0020661   0.0018904   0.0017361   0.0016   0.0014793

         column 27 to 30

   0.0013717   0.0012755   0.0011891   0.0011111

         column 31 to 34

   0.0010406   0.0009766   0.0009183   0.0008651

         column 35 to 38

   0.0008163   0.0007716   0.0007305   0.0006925

         column 39 to 43

   0.0006575   0.000625   0.0005949   0.0005669   0.0005408

         column 44 to 48

   0.0005165   0.0004938   0.0004726   0.0004527   0.000434

         column 49 to 53

   0.0004165   0.0004   0.0003845   0.0003698   0.000356

         column 54 to 57

   0.0003429   0.0003306   0.0003189   0.0003078

         column 58 to 61

   0.0002973   0.0002873   0.0002778   0.0002687

         column 62 to 66

   0.0002601   0.000252   0.0002441   0.0002367   0.0002296

         column 67 to 71

   0.0002228   0.0002163   0.00021   0.0002041   0.0001984

         column 72 to 75

   0.0001929   0.0001877   0.0001826   0.0001778

         column 76 to 79

   0.0001731   0.0001687   0.0001644   0.0001602

         column 80 to 83

   0.0001563   0.0001524   0.0001487   0.0001452

         column 84 to 87

   0.0001417   0.0001384   0.0001352   0.0001321

         column 88 to 91

   0.0001291   0.0001262   0.0001235   0.0001208

         column 92 to 95

   0.0001181   0.0001156   0.0001132   0.0001108

         column 96 to 100

   0.0001085   0.0001063   0.0001041   0.000102   0.0001

--> b = nthroot(y, y)
 b  = 

         column 1 to 5

   1.   1.4142136   1.4422496   1.4142136   1.3797297

         column 6 to 10

   1.3480062   1.3204692   1.2968396   1.276518   1.2589254

         column 11 to 15

   1.2435752   1.2300755   1.218114   1.207442   1.1978601

         column 16 to 19

   1.1892071   1.1813521   1.1741873   1.1676235

         column 20 to 23

   1.1615863   1.1560133   1.1508513   1.1460553

         column 24 to 28

   1.1415864   1.1374115   1.1335014   1.129831   1.1263781

         column 29 to 32

   1.1231235   1.1200499   1.1171422   1.1143867

         column 33 to 37

   1.1117716   1.1092859   1.10692   1.1046651   1.1025133

         column 38 to 41

   1.1004574   1.0984911   1.0966082   1.0948035

         column 42 to 46

   1.0930721   1.0914093   1.089811   1.0882735   1.0867932

         column 47 to 50

   1.0853668   1.0839915   1.0826643   1.0813827

         column 51 to 54

   1.0801443   1.0789469   1.0777884   1.0766669

         column 55 to 58

   1.0755806   1.0745278   1.0735069   1.0725164

         column 59 to 62

   1.0715549   1.0706212   1.0697141   1.0688322

         column 63 to 66

   1.0679747   1.0671404   1.0663284   1.0655378

         column 67 to 70

   1.0647676   1.0640172   1.0632857   1.0625724

         column 71 to 74

   1.0618766   1.0611977   1.0605349   1.0598878

         column 75 to 78

   1.0592557   1.0586382   1.0580346   1.0574446

         column 79 to 82

   1.0568676   1.0563033   1.0557511   1.0552107

         column 83 to 86

   1.0546817   1.0541638   1.0536565   1.0531595

         column 87 to 91

   1.0526726   1.0521954   1.0517276   1.0512689   1.050819

         column 92 to 96

   1.0503778   1.0499448   1.04952   1.049103   1.0486937

         column 97 to 100

   1.0482918   1.0478971   1.0475094   1.0471285

--> b = x ./ y^2
 b  = 

         column 1 to 6

   1.   0.25   0.1111111   0.0625   0.04   0.0277778

         column 7 to 11

   0.0204082   0.015625   0.0123457   0.01   0.0082645

         column 12 to 16

   0.0069444   0.0059172   0.005102   0.0044444   0.0039062

         column 17 to 21

   0.0034602   0.0030864   0.0027701   0.0025   0.0022676

         column 22 to 26

   0.0020661   0.0018904   0.0017361   0.0016   0.0014793

         column 27 to 30

   0.0013717   0.0012755   0.0011891   0.0011111

         column 31 to 34

   0.0010406   0.0009766   0.0009183   0.0008651

         column 35 to 38

   0.0008163   0.0007716   0.0007305   0.0006925

         column 39 to 43

   0.0006575   0.000625   0.0005949   0.0005669   0.0005408

         column 44 to 48

   0.0005165   0.0004938   0.0004726   0.0004527   0.000434

         column 49 to 53

   0.0004165   0.0004   0.0003845   0.0003698   0.000356

         column 54 to 57

   0.0003429   0.0003306   0.0003189   0.0003078

         column 58 to 61

   0.0002973   0.0002873   0.0002778   0.0002687

         column 62 to 66

   0.0002601   0.000252   0.0002441   0.0002367   0.0002296

         column 67 to 71

   0.0002228   0.0002163   0.00021   0.0002041   0.0001984

         column 72 to 75

   0.0001929   0.0001877   0.0001826   0.0001778

         column 76 to 79

   0.0001731   0.0001687   0.0001644   0.0001602

         column 80 to 83

   0.0001563   0.0001524   0.0001487   0.0001452

         column 84 to 87

   0.0001417   0.0001384   0.0001352   0.0001321

         column 88 to 91

   0.0001291   0.0001262   0.0001235   0.0001208

         column 92 to 95

   0.0001181   0.0001156   0.0001132   0.0001108

         column 96 to 100

   0.0001085   0.0001063   0.0001041   0.000102   0.0001

--> c = nthroot(y, y)
 c  = 

         column 1 to 5

   1.   1.4142136   1.4422496   1.4142136   1.3797297

         column 6 to 10

   1.3480062   1.3204692   1.2968396   1.276518   1.2589254

         column 11 to 15

   1.2435752   1.2300755   1.218114   1.207442   1.1978601

         column 16 to 19

   1.1892071   1.1813521   1.1741873   1.1676235

         column 20 to 23

   1.1615863   1.1560133   1.1508513   1.1460553

         column 24 to 28

   1.1415864   1.1374115   1.1335014   1.129831   1.1263781

         column 29 to 32

   1.1231235   1.1200499   1.1171422   1.1143867

         column 33 to 37

   1.1117716   1.1092859   1.10692   1.1046651   1.1025133

         column 38 to 41

   1.1004574   1.0984911   1.0966082   1.0948035

         column 42 to 46

   1.0930721   1.0914093   1.089811   1.0882735   1.0867932

         column 47 to 50

   1.0853668   1.0839915   1.0826643   1.0813827

         column 51 to 54

   1.0801443   1.0789469   1.0777884   1.0766669

         column 55 to 58

   1.0755806   1.0745278   1.0735069   1.0725164

         column 59 to 62

   1.0715549   1.0706212   1.0697141   1.0688322

         column 63 to 66

   1.0679747   1.0671404   1.0663284   1.0655378

         column 67 to 70

   1.0647676   1.0640172   1.0632857   1.0625724

         column 71 to 74

   1.0618766   1.0611977   1.0605349   1.0598878

         column 75 to 78

   1.0592557   1.0586382   1.0580346   1.0574446

         column 79 to 82

   1.0568676   1.0563033   1.0557511   1.0552107

         column 83 to 86

   1.0546817   1.0541638   1.0536565   1.0531595

         column 87 to 91

   1.0526726   1.0521954   1.0517276   1.0512689   1.050819

         column 92 to 96

   1.0503778   1.0499448   1.04952   1.049103   1.0486937

         column 97 to 100

   1.0482918   1.0478971   1.0475094   1.0471285

--> d = (a + 1)^y
at line    62 of function %s_pow ( C:\Program Files\scilab-6.1.1\modules\overloading\macros\%s_pow.sci line 74 )
at line     3 of function %s_p_s ( C:\Program Files\scilab-6.1.1\modules\overloading\macros\%s_p_s.sci line 15 )

Not implemented in scilab...
--> d = (a + 1) .^ y
 d  = 

         column 1 to 6

   2.   2.25   2.3703704   2.4414062   2.48832   2.5216264

         column 7 to 11

   2.5464997   2.5657845   2.5811748   2.5937425   2.604199

         column 12 to 15

   2.6130353   2.6206009   2.6271516   2.6328787

         column 16 to 19

   2.6379285   2.6424144   2.6464258   2.6500343

         column 20 to 23

   2.6532977   2.6562632   2.6589699   2.6614501

         column 24 to 28

   2.6637313   2.6658363   2.667785   2.669594   2.6712779

         column 29 to 32

   2.6728491   2.6743188   2.6756963   2.6769901

         column 33 to 36

   2.6782077   2.6793554   2.6804393   2.6814644

         column 37 to 40

   2.6824355   2.6833566   2.6842316   2.6850638

         column 41 to 44

   2.6858563   2.6866119   2.6873331   2.6880221

         column 45 to 48

   2.6886812   2.6893121   2.6899167   2.6904966

         column 49 to 53

   2.6910532   2.691588   2.6921022   2.692597   2.6930733

         column 54 to 58

   2.6935324   2.693975   2.6944021   2.6948144   2.6952127

         column 59 to 62

   2.6955978   2.6959701   2.6963305   2.6966794

         column 63 to 67

   2.6970174   2.697345   2.6976626   2.6979707   2.6982698

         column 68 to 71

   2.6985602   2.6988422   2.6991164   2.6993829

         column 72 to 75

   2.6996421   2.6998942   2.7001397   2.7003787

         column 76 to 79

   2.7006114   2.7008382   2.7010592   2.7012748

         column 80 to 84

   2.7014849   2.70169   2.7018901   2.7020854   2.7022762

         column 85 to 88

   2.7024625   2.7026445   2.7028223   2.7029962

         column 89 to 93

   2.7031662   2.7033325   2.7034951   2.7036542   2.70381

         column 94 to 98

   2.7039625   2.7041118   2.704258   2.7044012   2.7045415

         column 99 to 100

   2.704679   2.7048138

--> for n=1:100
  > e(n) = (n^3 - 2 * n^2 + 4) / (2 * n^3 + n^2 + 10 * n + 14);
  > disp([n, e(n)])
  > end

   1.   0.1111111

   2.   0.0740741

   3.   0.1214953

   4.   0.1818182

   5.   0.2330383

   6.   0.2730627

   7.   0.3040293

   8.   0.3282572

   9.   0.347535

   10.   0.3631436

   11.   0.375989

   12.   0.3867167

   13.   0.3957935

   14.   0.4035629

   15.   0.4102816

   16.   0.4161447

   17.   0.421303

   18.   0.4258742

   19.   0.4299517

   20.   0.4336102

   21.   0.4369104

   22.   0.4399019

   23.   0.4426256

   24.   0.4451155

   25.   0.4474004

   26.   0.4495042

   27.   0.4514475

   28.   0.453248

   29.   0.4549206

   30.   0.4564784

   31.   0.4579329

   32.   0.4592938

   33.   0.4605699

   34.   0.4617689

   35.   0.4628974

   36.   0.4639616

   37.   0.4649667

   38.   0.4659174

   39.   0.4668182

   40.   0.4676727

   41.   0.4684845

   42.   0.4692567

   43.   0.469992

   44.   0.4706931

   45.   0.4713623

   46.   0.4720017

   47.   0.4726133

   48.   0.4731987

   49.   0.4737598

   50.   0.4742979

   51.   0.4748144

   52.   0.4753106

   53.   0.4757877

   54.   0.4762467

   55.   0.4766887

   56.   0.4771146

   57.   0.4775252

   58.   0.4779214

   59.   0.4783038

   60.   0.4786733

   61.   0.4790304

   62.   0.4793758

   63.   0.47971

   64.   0.4800336

   65.   0.480347

   66.   0.4806507

   67.   0.4809452

   68.   0.4812309

   69.   0.4815082

   70.   0.4817774

   71.   0.4820389

   72.   0.482293

   73.   0.48254

   74.   0.4827802

   75.   0.483014

   76.   0.4832414

   77.   0.4834629

   78.   0.4836786

   79.   0.4838887

   80.   0.4840935

   81.   0.4842932

   82.   0.4844879

   83.   0.4846778

   84.   0.4848632

   85.   0.4850442

   86.   0.4852208

   87.   0.4853934

   88.   0.4855619

   89.   0.4857267

   90.   0.4858877

   91.   0.4860451

   92.   0.486199

   93.   0.4863496

   94.   0.486497

   95.   0.4866412

   96.   0.4867823

   97.   0.4869205

   98.   0.4870559

   99.   0.4871884

   100.   0.4873183

--> savehistory('zad2-historia')

--> diary('zad2', 'close')
